503
430
480
648
249
594
504
391
572
506
435
502
441
483
483
670
207
552
391
545
450
540
525
422
445
604
476
466
463
439
518
374
536
502
424
470
427
575
374
413
564
458
485
512
446
509
456
521
408
493
454
524
428
485
576
369
505
475
483
426
476
508
567
316
664
550
351
470
412
570
600
335
548
468
390
436
635
336
536
520
441
570
376
493
527
490
509
391
551
413
486
472
489
417
605
298
566
306
518
454
480
502
362
586
558
307
569
392
519
570
396
559
332
518
553
458
530
425
480
475
404
508
630
240
652
466
468
